id;fio;email;phone_number;date_of_birth
;25_04;26_04;01_05;02_05;07_05
1;Афанасьева Дарья Александровна;0;0;0;6;6;6;0;6
2;Березина Елизавета Владимировна;0;0;0;6;0;0;6;6
3;Викторов Антон Павлович;0;0;0;0;6;0;0;0
4;Долгорук Дамир Андреевич;0;0;0;0;0;0;0;0
5;Ежова Мария Сергеевна;0;0;0;0;6;0;6;0
6;Зубеев Иван Алексеевич;0;0;0;0;0;0;0;0
7;Игнатьев Кирилл Геннадьевич;0;0;0;6;0;6;6;6
8;Кужербаева Камиля Аскаровна;0;0;0;0;0;6;0;0
9;Ларкина Елизавета Георгиевна;0;0;0;6;0;0;0;0
10;Летягин Алексей Кириллович;0;0;0;6;0;6;6;6
11;Максимов Георгий Андреевич;0;0;0;0;0;0;0;0
12;Малька Паредес Максим Альдович;0;0;0;0;0;0;0;0
13;Мамедов Руслан Сабухи;0;0;0;6;6;0;6;0
14;Масуд Марк Рана;0;0;0;6;0;0;6;6
15;Моисеев Иван Андреевич;0;0;0;0;0;0;0;0
16;Обрезумов Серафим Денисович;0;0;0;6;6;6;6;6
17;Привалов Сергей Владимирович;0;0;0;6;6;6;6;6
18;Решетов Вадим Андреевич;0;0;0;0;0;0;0;0
19;Родионычева Анастасия Александровна;0;0;0;0;0;0;0;0
20;Сабуров Дмитрий Михайлович;0;0;0;0;0;0;0;0
21;Савченкова Юлия Сергеевна;0;0;0;6;6;6;6;6
22;Саляхетдинов Марат Русланович;0;0;0;6;6;6;6;6
23;Самсонова Анна Павловна;0;0;0;6;0;6;6;6
24;Сергеев Антон Алексеевич;0;0;0;0;0;6;6;0
25;Халилов Джабраиль Эльнурович;0;0;0;6;6;6;6;0
26;Шабуваев Юсуфбек Равшанович;0;0;0;6;6;6;6;0
27;Ванин Владислав Олегович;0;0;0;6;6;6;6;0
28;Тюхов Егор Андреевич;0;0;0;6;6;6;6;0
29;Воротынцев Данила Антонович;0;0;0;6;6;6;6;0